50
13
67
11
59
10
27
22
85
9
92
66
92
9
92
45
83
86
40
52
56
9
37
98
19
64
45
48
47
10
90
83
63
74
99
16
72
32
22
7
88
52
59
91
100
44
75
33
94
94
32
96
28
96
45
35
62
45
88
20
76
62
55
80
67
22
35
76
32
47
45
32
75
96
29
45
57
37
33
93
72
33
50
5
25
7
99
20
95
26
17
14
89
1
89
15
57
83
22
41
5
22
58
45
3
10
9
60
90
9
92
40
66
23
62
79
91
80
50
23
45
39
61
22
61
53
52
15
65
76
33
33
6
45
10
29
4
22
72
52
61
96
100
76
48
58
95
14
63
6
62
66
39
6
12
9
79
82
19
27
26
21
92
37
37
70
75
70
20
95
79
91
32
83
67
12
10
43
60
37
22
8
8
54
85
78
45
4
12
27
27
92
40
29
65
58
82
33
87
46
5
32
56
15
87
1
15
34
90
41
24
29
10
75
82
29
72
21
51
46
60
1
88
37
90
94
58
35
87
72
87
41
33
9
65
9
87
72
7
7
36
99
29
80
89
12
92
41
91
55
76
11
58
45
83
97
91
37
66
35
67
10
81
7
12
1
46
22
92
5
26
80
27
6
35
16
99
61
94
11
99
92
15
96
90
45
96
90
37
75
73
90
99
8
86
60
2
47
13
92
58
27
8
31
22
40
43
43
8
16
79
46
5
91
24
4
11
27
95
17
91
70
53
45
81
62
80
62
56
48
36
16
9
65
65
5
19
15
57
72
53
45
5
5
22
5
56
37
30
28
29
53
64
89
47
60
96
61
92
37
41
9
75
17
57
46
99
40
78
7
29
10
42
29
32
37
75
74
57
6
32
45
19
84
58
86
12
4
75
76
81
57
73
13
16
67
88
75
5
58
21
12
81
68
58
54
53
92
36
72
59
86
28
25
40
3
26
96
85
1
78
43
60
46
27
55
2
8
25
72
65
1
36
46
23
32
89
82
92
52
64
13
80
29
64
12
63
96
99
57
72
3
74
72
61
43
22
60
8
5
28
26
39
15
48
5
29
10
81
1
77
75
20
73
63
25
78
73
86
75
64
52
35
46
45
42
95
45
89
61
45
24
87
83
92
92
78
90
1
27
79
58
92
23
75
70
22
90
78
97
20
15
91
21
44
51
56
54
22
34
37
46
43
62
21
45
15
96
57
1
63
22
35
35
94
65
1
89
78
96
1
32
18
99
12
47
60
69
49
12
94
94
28
77
35
86
32
92
75
49
56
91
16
86
33
99
9
95
63
9
13
56
92
26
24
57
10
48
41
73
92
9
76
54
13
57
80
9
20
26
78
23
29
77
92
48
77
64
22
6
74
92
92
81
42
9
19
53
58
1
90
87
45
6
60
75
4
27
58
7
11
43
74
1
8
62
94
95
1
42
53
80
95
35
34
6
62
80
72
26
33
3
87
22
10
65
45
93
77
22
24
80
12
80
92
89
61
45
72
35
92
37
92
64
84
21
64
63
39
46
92
82
41
91
29
91
35
44
45
45
4
91
2
74
6
36
63
45
88
86
24
45
67
11
45
1
7
65
72
32
92
95
6
51
16
17
12
6
41
89
66
18
49
92
98
67
92
14
17
28
83
29
1
76
8
10
21
75
44
29
82
96
92
21
72
92
92
84
34
41
83
40
35
1
63
93
3
37
15
59
84
10
54
80
89
51
71
90
91
47
9
78
89
52
26
79
93
2
62
40
63
9
92
34
15
99
9
85
63
13
92
17
10
48
62
46
7
50
9
92
85
2
58
26
78
25
76
65
66
80
89
45
2
18
16
96
20
55
75
57
67
30
40
54
90
17
45
64
52
92
10
51
34
89
20
2
7
81
75
36
78
45
27
22
54
41
52
50
72
92
99
60
9
5
77
35
15
24
12
58
40
5
6
21
56
88
80
40
13
9
22
17
45
87
40
41
29
54
62
36
45
80
32
4
65
61
6
41
9
75
58
61
52
44
8
94
28
73
10
36
14
27
75
97
98
74
97
89
53
95
78
30
35
22
64
2
28
46
58
47
35
59
29
98
20
85
96
33
62
25
71
64
33
86
87
21
2
56
45
57
33
27
17
61
35
81
94
21
22
20
72
95
86
46
24
4
52
40
72
63
45
21
35
63
56
86
92
63
86
65
16
62
92
50
76
41
96
88
60
69
89
26
57
55
57
10
23
32
37
75
53
41
70
92
57
10
12
96
61
65
9
82
2
92
7
39
75
20
35
65
22
37
76
40
40
77
37
35
87
76
12
47
52
73
91
13
23
28
45
40
90
87
14
45
94
86
22
87
95
72
83
94
63
37
72
32
63
61
89
77
79
63
27
5
34
28
61
80
91
3
16
37
44
9
16
41
8
46
24
50
70
2
56
60
27
92
67
40
75
10
40
67
5
60
2
22
45
27
8
9
41
50
48
33
80
60
45
25
72
95
2
56
54
99
74
46
80
81
5
45
22
53
49
9
40
58
45
47
24
23
25
26
96
47
7
6
67
45
57
47
74
63
45
72
15
12
43
19
36
12
65
28
21
8
93
89
57
81
95
29
53
3
65
62
66
57
44
45
52
87
39
15
19
58
94
45
63
88
6
63
15
31
34
62
10
36
7
97
80
15
37
12
61
66
22
57
9
52
20
99
32
28
44
2
25
59
76
35
46
76
23
24
11
75
91
22
7
66
64
54
51
9
59
3
4
87
16
44
7
2
88
29
79
63
29
65
46
47
89
67
45
40
80
92
10
56
1
40
86
1
23
79
78
7
7
72
5
70
45
62
60
23
96
55
63
64
40
30
97
89
68
22
34
92
60
5
43
62
74
53
92
27
72
61
13
11
56
21
45
92
10
10
88
74
57
46
67
88
75
72
61
57
56
1
60
10
80
86
35
7
20
37
60
85
13
75
19
22
37
92
70
8
92
27
92
6
28
62
10
85
12
26
23
57
23
36
91
17
90
79
65
61
58
8
48
9
78
60
29
2
24
63
20
89
89
72
35
22
63
90
13
31
23
61
78
69
26
28
1
62
53
16
45
32
28
4
62
4
80
49
13
9
27
95
76
40
87
7
18
92
2
17
47
16
50
67
35
44
29
13
80
3
15
60
5
16
87
16
73
28
75
92
59
53
52
51
80
15
7
80
61
33
76
98
37
58
65
80
73
53
65
4
63
50
7
91
81
95
6
1
89
11
37
74
67
7
74
7
8
86
7
52
66
22
67
81
92
66
60
16
53
90
22
76
28
6
41
77
75
28
72
53
39
9
37
21
75
1
45
44
29
73
33
41
92
11
63
90
23
48
23
58
83
61
8
50
56
35
57
72
45
45
58
14
79
60
57
28
8
77
10
77
25
41
58
10
23
86
24
28
92
57
22
44
64
14
60
99
92
76
14
4
50
1
23
54
24
1
25
99
80
89
96
23
85
87
54
62
46
58
32
55
75
55
35
68
83
95
88
37
15
15
74
75
45
76
50
14
67
13
21
75
78
71
5
64
71
58
1
89
28
79
70
78
16
80
67
91
58
62
78
23
55
89
41
36
70
60
12
8
66
63
87
80
41
52
57
23
6
89
3
7
73
15
89
22
80
86
21
79
92
41
64
82
96
63
68
56
96
6
78
78
61
89
94
22
41
76
89
9
33
64
16
47
1
92
13
20
21
47
92
92
73
80
58
66
26
45
8
5
27
54
76
92
30
78
35
86
16
78
12
64
37
88
10
50
21
74
62
91
12
34
23
12
53
66
79
94
62
86
36
45
90
65
44
9
68
85
58
23
54
34
87
44
89
48
34
24
9
52
72
10
75
92
62
28
95
95
58
54
10
86
97
36
25
41
79
41
42
45
45
20
15
82
33
46
79
64
22
54
32
91
5
79
22
6
67
22
92
82
58
26
94
92
8
15
53
71
83
5
26
37
42
45
60
77
25
92
15
30
56
72
20
11
10
75
41
84
34
78
72
21
70
84
74
90
81
47
5
32
76
37
9
15
53
37
68
96
76
47
96
37
87
57
46
48
9
91
93
58
92
10
9
92
72
86
75
15
96
89
96
81
95
63
41
87
46
16
94
5
9
1
30
63
99
76
76
61
29
92
92
5
8
28
75
89
62
59
28
77
14
92
60
36
75
8
89
70
9
13
89
22
22
40
7
94
96
10
67
64
21
32
15
33
87
58
29
75
75
46
65
10
75
63
70
40
20
44
80
10
16
22
9
72
87
57
89
9
9
46
91
41
96
6
45
74
90
21
10
41
4
20
92
62
54
76
61
20
14
41
34
7
61
66
79
33
57
28
29
81
45
94
58
13
90
49
91
9
97
73
74
58
9
92
60
58
9
41
80
92
40
55
87
93
52
11
11
96
81
10
36
77
22
45
91
53
72
24
31
5
29
76
50
54
58
27
2
16
60
86
5
64
56
82
98
51
2
89
22
52
77
18
8
27
37
1
12
89
62
27
77
79
9
95
73
91
66
22
90
75
2
78
60
22
20
1
90
33
82
17
62
88
14
1
76
11
13
5
24
2
78
52
72
29
22
60
97
40
86
52
10
62
35
82
62
12
58
43
65
86
11
98
23
8
68
56
90
37
74
62
63
89
65
54
17
1
78
37
87
80
75
46
1
4
45
92
63
61
91
44
67
61
29
65
12
73
76
24
41
75
92
92
45
23
23
37
99
32
4
43
8
64
75
15
28
63
1
57
62
41
96
89
62
63
46
10
45
18
25
88
94
21
90
92
12
88
18
20
77
64
22
12
5
46
92
56
78
6
59
29
72
92
95
54
77
74
9
82
63
92
65
53
36
50
23
88
12
12
63
39
13
1
27
70
96
62
12
92
51
9
58
71
80
52
12
62
56
12
32
4
96
89
33
60
17
50
58
55
62
47
27
23
19
28
96
29
10
92
86
87
75
19
28
28
86
75
49
22
20
80
42
63
78
80
15
95
90
53
34
41
36
56
87
3
19
47
87
41
6
44
6
41
52
7
1
91
63
19
33
54
63
29
56
41
33
2
39
60
5
87
58
21
57
23
97
20
65
37
76
96
15
83
79
76
63
74
81
11
85
9
33
4
56
1
7
24
37
65
35
20
20
73
75
45
44
46
90
5
6
1
31
24
95
80
51
16
92
7
72
14
47
45
77
66
98
80
58
89
89
81
92
64
56
75
1
62
87
37
35
21
89
57
35
23
80
50
72
16
17
36
20
2
96
92
20
52
92
17
96
49
1
45
41
20
45
5
37
81
1
75
12
10
25
32
21
62
50
15
72
76
41
9
50
98
21
62
89
6
36
82
26
9
23
13
56
52
1
73
37
80
26
73
92
6
8
63
92
53
90
8
32
78
71
18
10
15
70
21
74
25
5
92
10
37
35
31
83
83
92
10
62
1
13
2
57
1
14
72
90
80
5
92
79
72
92
9
72
13
15
79
26
73
30
36
20
63
8
12
82
75
1
34
17
23
56
92
22
92
33
58
35
21
20
12
89
12
81
66
16
41
72
99
34
85
27
81
72
94
14
10
28
62
89
35
96
5
48
85
76
73
63
40
92
10
79
29
23
47
29
62
52
13
76
57
62
64
51
60
92
49
34
45
75
21
20
76
57
19
97
1
6
66
92
24
78
72
80
87
92
94
89
45
90
49
97
92
21
80
29
20
1
77
90
35
88
41
62
62
57
11
29
71
68
48
95
26
65
41
54
78
72
45
19
89
60
27
35
2
59
44
73
1
22
62
59
61
90
60
59
34
90
31
95
39
53
37
8
15
58
22
2
97
56
92
16
78
21
62
51
28
45
14
8
8
36
17
23
96
45
59
73
11
56
92
86
89
25
83
60
9
25
87
56
79
77
75
92
91
92
96
87
81
20
62
10
44
79
26
52
45
92
60
52
53
86
61
51
63
78
80
45
76
89
30
9
92
44
80
60
68
10
25
45
72
10
89
21
28
27
79
65
77
16
49
39
88
85
75
22
37
87
71
1
10
61
13
88
79
96
22
22
62
22
29
35
70
86
52
72
96
62
8
1
92
86
95
53
92
22
61
10
91
63
56
70
64
8
53
75
12
34
42
78
37
72
20
77
77
54
64
92
21
37
37
79
89
9
41
72
9
60
23
13
16
10
88
72
46
72
72
45
6
72
8
70
92
5
24
46
7
89
17
65
75
64
53
22
96
72
83
77
60
46
60
14
92
8
58
18
62
22
62
7
90
72
37
26
10
44
62
10
2
16
23
33
74
32
96
18
72
3
34
72
79
1
88
89
83
44
63
6
85
6
63
53
32
95
23
22
89
67
51
87
58
92
23
92
21
86
10
75
83
14
26
92
16
1
1
46
79
1
7
9
62
28
9
26
80
67
23
24
6
72
54
78
92
37
92
34
6
38
14
31
67
9
89
75
61
13
12
59
92
9
79
9
12
52
9
63
60
59
52
81
63
61
5
41
83
60
7
26
46
32
29
12
45
32
60
89
45
80
41
20
86
81
27
28
9
75
75
45
50
92
62
47
33
33
10
53
53
29
26
75
39
25
96
86
86
81
29
1
92
54
47
6
40
35
92
28
58
45
11
81
45
46
97
47
89
81
10
97
45
92
93
52
59
48
91
77
17
20
96
52
39
89
1
92
44
45
1
35
95
62
33
65
92
41
62
80
73
77
32
46
40
88
16
81
2
86
58
47
72
72
53
92
78
88
57
4
14
50
57
12
15
37
34
72
92
48
78
12
78
87
66
9
10
83
40
16
15
6
6
12
81
40
64
28
95
73
45
30
9
81
9
53
53
1
81
66
67
91
17
75
24
78
6
26
37
7
50
19
62
75
79
47
55
17
88
48
56
2
88
72
13
24
41
92
61
23
27
90
61
22
62
33
36
7
75
21
9
22
57
28
55
45
38
46
54
63
80
79
60
13
12
23
36
11
54
45
80
60
10
92
20
62
1
46
31
64
24
62
15
64
80
78
81
89
14
2
20
15
57
92
51
73
63
79
37
96
92
18
69
50
64
5
23
5
53
12
3
79
9
64
45
67
16
65
77
88
6
72
92
29
21
62
37
11
27
99
80
15
25
56
52
94
45
2
86
58
16
16
5
99
45
33
45
13
33
23
16
30
77
11
92
78
63
63
44
58
75
71
80
5
29
37
4
71
54
82
39
94
96
95
19
9
57
77
33
89
59
29
20
15
91
21
57
28
29
6
56
33
58
21
80
75
16
47
52
8
75
95
89
26
33
80
8
81
52
92
37
63
96
16
61
35
53
9
21
3
63
50
92
96
57
10
2
20
70
78
62
57
58
10
28
10
29
60
27
89
89
57
80
35
40
33
65
52
45
5
10
33
58
27
62
83
2
50
36
92
37
9
71
71
41
45
51
22
46
63
58
22
92
29
80
90
88
80
78
29
23
34
36
87
66
90
11
37
9
48
75
29
36
55
87
29
62
75
90
61
60
53
18
16
58
3
45
48
67
90
83
9
79
51
33
6
8
10
72
22
92
81
66
22
63
62
32
84
83
52
13
27
39
56
87
92
90
23
7
52
58
14
60
22
33
32
20
78
1
6
62
82
19
28
67
94
62
64
92
18
96
74
59
65
45
27
75
76
61
41
58
57
67
32
72
62
37
13
89
81
61
10
66
74
78
14
83
26
92
82
79
9
36
32
22
89
76
19
62
73
73
78
9
53
53
7
52
22
73
8
13
52
22
83
1
10
8
66
94
62
33
75
59
66
18
32
4
40
40
91
60
93
86
56
44
16
32
29
64
72
21
34
61
32
71
96
58
96
77
21
8
35
78
99
75
72
26
10
74
14
19
81
92
99
36
34
13
72
13
45
79
57
1
10
23
57
99
10
25
26
45
100
12
73
5
9
78
92
99
62
28
37
83
32
40
54
26
18
12
72
4
35
95
51
1
86
23
71
23
7
87
86
25
60
24
27
7
78
96
77
12
10
45
26
90
72
41
56
92
34
6
22
77
70
62
76
87
53
89
61
29
6
2
62
37
76
50
64
94
65
21
72
35
73
57
89
97
71
45
86
41
27
52
46
65
50
80
75
28
92
92
13
45
21
78
41
75
87
63
48
13
57
79
87
62
50
95
90
19
75
23
72
45
5
76
10
22
53
75
49
55
76
36
75
92
94
54
37
75
13
28
16
65
45
33
97
1
9
14
80
9
80
41
41
6
91
32
95
18
75
40
89
6
27
59
19
80
12
61
76
24
9
33
34
63
74
72
10
75
41
40
21
50
14
77
21
32
18
36
47
87
45
20
86
41
26
25
41
82
77
1
83
63
50
81
39
54
51
29
72
55
37
57
15
97
53
9
32
17
10
41
44
49
63
73
8
8
63
35
5
74
21
96
45
74
28
64
32
49
96
92
92
29
28
25
80
41
60
37
47
96
77
48
89
8
53
12
45
21
21
45
89
73
58
10
35
75
62
53
57
96
10
66
40
28
92
83
46
74
59
12
79
28
87
21
32
77
78
23
97
72
53
27
9
35
75
86
64
64
28
41
94
16
73
25
7
54
42
24
9
18
91
80
80
96
